10-YEAR TERM RIDER RATES Femala - XriF MINIMUM AMOUNT S10,000 EFFECTIVE DATE 4-21-89 Malz Xrim 10-YEAR RENEWABLE AND CONVERTIBLE TERM To AGE 65 Annual Rate per S1,000 Issue S10,000 - S25,000 - S50,000- S100,000 - S250,000 - Age_ 524,999 549,999 S99,999 S249,999 S499.999 15-25 S 4.25  2.61 $ 2.09 $ 1.81 S 1.68 26 4.26 2.64 2.12 1.85 1.71 27 4.27 2.66 2.15 1.88 1.75 28 4.28 2.69 2.18 1.92 1.79 29 4.29 2.72 2.22 1.95 1.83
S5o0,000 - and Over $ 1.60 1.63 1.67 1.70 1.74
4.30 4.31 4.33 4.35 4,38
2.75 2.78 2.82 2.87 2.93
2.26 2.30 2.35 2.40 2.47
2.00 2.04 2.09 2.15 2.22
1.87 1.92 1.97 2.03 2.10
1.78 1.83 1,88 1.94 2.01
30 2 35 36 37 38 39
4.43 4.48 4.56 4.65 4,77
3,00 3,09 3.19 3.31 3.45
2.55 2.64 2.75 2.87 3.01
2.30 2.40 2.51 2.64 2.78
2.19 2.29 2.40 2.53 2.67
2.09 2.18 2.29 2.41 2.55
4,93 5.12 5.35 5.62 5.94
3.61 3.81 4.05 4,32 4.64
3.18 3.38 3.62 3.90 4.21
2.95 3.16 3.40 3.68 3.99
2.85 3.06 3.30 3.58 3.90
2.72 2.92 3.15 3.42 3.73
1 45 48 49 50 51 52 53 54
6.29 6.70 7.14 7.64 8.19
4.99 5.40 5.84 6.34 6.89
4.57 4.98 5.42 5.92 6.47
4.35 4.76 5.20 5.70 6.25
4.26 4.86 5.11 5.61 6.16
4.08 4.47 4.91 5.39 5.93
8.78 9.43 10.13 10.90 11.74
7.48 8.13 8.83 9.60 10.44
7.06 7.71 8.41 9.18 10.02
6.84 7.49 8.19 8.96 9.80
6.75 7.40 8.11 8.87 9.71
6.51 7.13 7.82 8,56 9.38
55 56 57 58 59
12.67 13.16* 13.67 14.22 14.79"
11.37 11.86 12.377 12.92 13.49*
10.95 11.44* 11.95* 12.50+ 13.07*
10.73 11.22* 11.73- 12.287 12.85*
10.64 11.13" 11.64 12.19* 12.76*
10.27 10.75* 11.25" 11,77 12.32*
60
15,38" 16.02 16.68 17,.39* 18.14"
14.08* 14.72" 15.38* 16.09* 16.84*
13.66+ 14.30* 14.96* 15.67* 16.42*
13.44 14.08 14.74"* 15.45" 16.20"
13.35" 13.99* 14.65* 15.36* 16.11
12.90* 13.51* 14.15* 14.84 15.57
62 63 64
'For Renewal Only