General Information PLAN DESCRIPTION; PermaLife is permanent Life Insurance plan with low Guaranteed Premiums and Guaranteed Cash Values:
CITIZENS FIDELITY INSURANCE COMPANY PermaLife 7 Juvenile Rates Per S1,000 (Age nearest Birthday) HPFN PTFN FEMALE PTF Ages 810,000 5100,000+ ASHVALUE PAID UP INSURANCE 599,999 YR 10 Ya 20 Age 65 Yr 10 YR 20 Age 65 3,69 2.70 31 423 43 383 936 3.79 2.79 35 423 98 419 937 3.89 2.89 37 423 114 429 936 4.00 2.99 39 422 128 438 934 4.12 3.10 42 421 140 447 932 4.25 3.22 10 420 152 455 929 4,37 3.34 419 161 463 927 : 4.51 3.47 189 470 925 : 418 4.65 3.60 176 476 922 4.81 3.75 55 415 182 483 919 10 4.97 390 15 59 414 187 488 916 5.14 4.06 16 62 412 192 494 913 5.33 4.23 17 65 411 197 499 909 1 5,51 4.40 18 409 202 504 906 5.70 4.58 20 72 408 207 509 902 5.89 4.76 21 76 406 212 515 898 16 6.11 4.96 404 219 520 894 17 6.32 5.16 24 85 402 225 526 890
ISSUE AGES;
0-70 Age Nearest Birthday MINIMUM POLICY: S10,000
POLICY FEE: S20.00
MINIMUM MODE PREMIUM: S10.00
PREMIUM:
Payable during Insureds lifetime and are banded by amount:
PREMIUM FACTORS: Semi-Annual Annual X .52
Quarterly Annual X.27
#Pmi) Fontf PTMA MALE Ages S10,000 5100,000+ ~ASHVALUE CPAID UP INSURANCE s99,999 Yr 10 YR 20 Age 65 YA 10 YR 20 Age 65 4,55 3.50 43 517 105 417 945 4.67 3,62 13 49 518 165 451 946 4.81 3.75 14 51 517 180 456 944 4,96 3.89 53 516 192 460 942 16 5.12 4.04 56 515 202 465 940 5.29 420 19 58 514 211 469 938 5.47 4.36 20 513 214 474 936 5.66 4.54 20 8 511 215 478 933 5.86 4.73 21 510 214 482 931 6.08 4,93 22 508 212 486 928 76 10 6.31 5.15 22 507 209 490 925 11 6.55 5.37 505 205 494 922 72 12 6.79 5.60 503 202 498 918 13 7.05 5.84 23 87 501 200 502 915 7.31 6,08 24 499 200 507 911 15 7,56 6.32 25 96 497 201 512 907 16 7.81 6.55 27 102 495 207 520 904 17 8.07 6.79 29 108 493 215 528 900
Monthly (PAC or SS) Annual 08333
Monthly Annual X 10
Round all fractions to nearest cent
ACCIDENTAL DEATH PREMIUM: Annual rate per S1,000 for all ages $1.25
NON-MEDICAL LIMITS: Ages Amounts 0-30 S100,000 31-40 S50,000 41-50 S30,000 51-60 S10,000

PJFS HpFs General Information CITIZENS FIDELITY PLAN DESCRIPTION: INSURANCE COMPANY PermaLife is a permanent Life Insurance plan with low PermaLife 7 Guaranteed Premiums and Guaranteed Cash Values_ Guaranteed Premium Whole Life ISSUE AGES: MINIMUM POLICY S10,000 0-70 Age Nearest Birthday AGE NEAREST BIRTHDAY ISSUE AGES 0-70 MINIMUM POLICY: S10,000 FEMALE SMOKER 810,O00- S100,000 Cash Values Paid-Up Insurance PoLICY FEE: Age 599,999 YR 10 YR 20 AGE 65 YA 10 Ya 20 AGE 65 S20.00 6.54 5.36 26 400 232 532 886 18 6.77 5.58 28 94 398 239 537 881 20 7.02 5.81 30 396 245 542 876 MiNimum MODE PREMIUM: 7.27 6.05 32 252 547 S10.00 7.54 391 258 551 866 1 2 1 554 860 8,83 6 : 5 PREMIUM: 8,44 568 848 Payable during Insured's 280 563 841 lifetime and are banded 285 566 834 1 3 0 1 1 3 by amount: 9, 289 660 826 10.28 366 572 810 PREMIUM FACTORS: 10.71 9.26 362 300 574 Semi-Annual 3 14.86 1868 : 358 302 576 8 578 0 Annual X.52 12.14 10.60 348 305 35 12.67 11.09 68 343 306 581 Quarterly 13. 83 11.61 338 307 582 Annual x' .27 13.82 876 12 1 @ % 328 308 586 0 15.06 13,33 320 309 588 Monthly (PAC or SS) 15.73 13.95 313 310 590 693 Annual X.08333 16, 14.60 90 235 306 311 593 678 15.28 254 292 312 601 662 1 @ 94 Monthly 16.74 98 285 284 316 605 627 Annual X.10 19 17.52 102 275 275 318 609 28.87 20, 18,35 266 320 Round all fractions 4 20.,23 " 285 22.34 247 323 62 to nearest cent 59 23.38 21.10 127 320 237 328 626 24.46 22.11 333 226 332 ACCIDENTAL DEATH 25.61 23.19 139 366 214 336 PREMIUM: 26.82 24.32 202 340 28.11 25.52 374 {78 345 648 Annual rate per $1,000 55 29.45 26.78 { 302 349 653 for all ages $1.25 30.88 28.  160 354 659 56 32.40 29.53 358 664 NON-MEDICAL LIMITS: 57 34.07 31.09 8 363 59 35.68 34,47 3 3 Amounts 366 Ages 678 60 39,58 36,36 69 375 682 0-30 S100,000 41.88 38.39 207 482 379 31-40 S 50,000 62 21 40.57 216 495 "3 384 691 41-50 $ 30,000 46.69 42.89 225 528 389 694 49.35 45.37 234 394 598 51-60 10,000 52.16 48.00 245 534 402 703 55.17 50.81 256 547 409 708 58.41 53.84 267 558 416 712 61.93 57.13 278 570 423 716 65.77 60.72 288 581 429 720 69.98 64.65 299 593 434 724

HPFN P7 FN CITIZENS FIDELITY General Information PLAN DESCRIPTION: INSURANCE COMPANY PermaLife is a permanent Life Insurance plan with low PermaLife 7 Guaranteed Premiums and Guaranteed Cash Values Guaranteed Premium Whole Life ISSUE AGES: MINIMUM POLICY $10,000 0-70 Age Nearest Birthday AGE NEAREST BIRTHDAY ISSUE AGES 0-70 MINIMUM POLICY: S10,000 FEMALE NONSMOKER S10,000- S100,000 Cash Values Pald-Up Insurance Age 599,999 YR 10 Yr 20 AGE 65 Yr 10 YR 20 AGE 65 PoLICY FEE: 18 5.29 4,57 19 372 207 514 889 S20.00 4.75 21 73 5.48 371 215 520 885 20 5.69 4.94 23 82 369 223 526 880 MINIMUM MODE PREMIUM: 5.90 5.14 367 230 532 876 S10.00 22 6.12 35 2 365 237 538 871 8 23 6.,36 5.57 363 244 543 865 24 6.61 5.80 30 360 251 548 860 PREMIUM: 25 6.87 6.05 32 106 358 258 553 854 Payable during Insured's 26 7.14 355 264 557 848 lifetime and are banded 27 '43 859 353 270 @ 568 834 6.86 1 by amount 29 8.06 357 286 570 827 8.39 74 30 134 343 286 573 819 PREMIUM FACTORS: 8,76 7,81 340 290 577 811 32 8.16 336 294 581 802 Semi-Annual 33 33 1 3 322 308 587 783 Annual x.52 36 18.38 8 9, 324 304 597 773 Quarterly 10.84 9.76 319 307 594 782 Annual x .27 3 10, % {i3s 22 309 302 697 750 1 39 12.38 '20 202 304 315 604 725 Monthly (PAC or SS) 40 12.95 11.73 211 298 318 608 711 Annual x .08333 13.54 12.28 292 321 612 697 14.16 12.86 231 286 324 68 : 3 14.82 Monthly 1342 253 272 337 626 685 15.51 Annual x .10 16.25 14.81 96 264 264 334 630 17.02 15.53 101 278 256 337 635 46 17.83 16.29 288 248 340 639 Round all fractions 48 18.70 17.10 {95 300 239 344 644 to nearest cent: 19,61 17.95 116 313 229 347 649 50 20.58 18.86 122 327 219 352 654 ACCIDENTAL DEATH 21.61 19.82 341 208 356 660 52 22.70 20.84 129 355 197 361 165 PREMIUM: 53 23.84 21.91 143 370 365 Annual rate per $1,000 54 25.07 23.06 150 385 3 370 55 26.38 24.28 157 400 375 for all ages S1.25 682 56 27.76 25.57 165 415 380 888 29.25 26.96 173 431 384 693 NON-MEDICAL LIMITS: 58 30.84 28.45 181 446 7 389 698 Ages Amounts 59 32,55 30.05 190 460 393 703 60 34.40 31.78 199 475 398 707 0-30 S100,000 36.39 33.64 208 490 403 31-40 $ 50,000 62 38.53 35.64 218 505 37.79 228 520 1 408 @ 41-50 $ 30,000 63 40.84 64 43.29 40.08 238 534 418 51-60 $ 10,000 65 45.92 42.54 248 547 422 728 48.74 45.18 258 560 427 732 66 51,79 48.03 270 573 435 736 55.11 51.13 282 586 0 442 741 3 58.74 54.52 294 599 449 745 62.70 58.22 306 612 455 749

P7M N
HemN CITIZENS FIDELITY INSURANCE COMPANY PermaLife 7 Guaranteed Premium Whole Life MINIMUM POLICY $10,000 AGE NEAREST BIRTHDAY ISSUE AGES 0-70 MALE NONSMOKER S10,000- 8100,000 Cash Values Paid-Up Insurance 599,999 YR 10 YR 20 AGE 65 Ya 10 Ya 20 AGE 65 Age 6.17 5.39 84 433 197 514 898 19 5.58 24 6.37 90 431 208 523 894 20 6.60 5.79 26 96 429 220 532 891 82 6.00 541 887 3 242 6.23 550 883 23 ,32 6.47 0 0 262 563 878 24 60 6.73 429 25 90 271 57 _ 869 8.21 30 279 578 863 26 8.55 7,83 8 3 296 583 857 28 1 9.28 8.30 299 593 844 30 9.89 8.68 164 403 304 598 837 31 10.10 9.07 400 309 603 829 10.55 9.49 396 314 607 821 33 9.94 1 8 11.04 392 318 813 11.53 10.40 387 323 803 36 10.90 208 382 326 793 12.06 36 12.63 11.43 330 623 783 13.22 11.98 3 372 334 626 772 13.85 12.57 3 366 337 630 760 3 14.51 13.19 247 360 341 633 748 15.21 13.84 258 354 344 734 15.95 14.53 269 347 348 640 720 15.27 {08 16.74 280 340 351 705 3 17.56 16.04 292 332 355 64 689 18.44 16.86 # 303 324 358 672 19.38 17.74 315 315 361 20.37 18.66 127 327 306 365 46 21_ 19.64 339 296 368 22 54 20.69 2 351 285 371 38 23.73 21.80 364 274 373 666 25.00 22.99 153 376 262 376 26.35 24.25 159 389 249 379 52 27.79 25.60 401 235 381 53 29.32 27.03 # 414 228 384 54 30.95 28.55 426 386 880 55 32.69 30.18 188 438 188 389 682 56 34.54 31.91 195 449 169 39 36.52 33.76 202 393 58 38.64 35.74 2 # 209 395 59 40.91 37.86 689 60 43.33 40.12 224 492 82 399 690 45.93 42.55 232 503 400 48.72 45.16 239 3 63 51.70 E 3 50.92 258 64 54.88 65 58.29 54.10 267 544 416 61.94 57.51 275 553 419 701 65.86 61.18 284 561 8 423 702 68 70.08 65.12 291 569 703 74.64 69.38 299 576 427 704 70 79.55 73.97 307 584 429 705
General Information PLAN DESCRIPTION: PermaLife is a permanent Life Insurance plan with low Guaranteed Premiums and Guaranteed Cash Values
ISSUE AGES:
0-70 Age Nearest Birthday
MINIMUM POLICY: S10,000
PolICY FEE: S20.00
MINIMUM MODE PREMIUM: S10.00
PREMIUM:
Payable during Insured's lifetime and are banded by amount
PREMIUM FACTORS: Semi-Annual Annual x .52
Quarterly Annual X 27
Monthly (PAC or SS) Annual X.08333
Monthly Annual x.10
Round all fractions to nearest cent:
ACCIDENTAL DEATH PREMIUM: Annual rate per $1,000 for all ages S1.25
NON-MEDICAL LIMITS: Ages Amounts 0-30 S100,000 31-40 $ 50,000 41-50 $ 30,000 51-60 $ 10,000

HPms Pqms General Information CITIZENS FIDELITY PLAN DESCRIPTION: INSURANCE COMPANY PermaLife is a permanent Life Insurance plan with low PermaLife 7 Guaranteed Premiums and Guaranteed Cash Values_ Guaranteed Premium Whole Life ISSUE AGES: MINIMUM POLICY $10,000 0-70 Age Nearest Birthday AGE NEAREST BIRTHDAY ISSUE AGES 0-70 MINIMUM POLICY: S10,000 MALE SMOKER S10,000- 5100,000 Cash Values Paid-Up Insurance Age S99,999 YR 10 YR 20 AGE 65 Ya 10 Ya 20 AGE 65 POLICY FEE: 18 8.33 7.04 491 225 536 896 S20.00 19 8.60 7.29 33 % 489 235 545 893 20 8.89 7.56 38 487 246 553 889 MINIMUM MODE PREMIUM: 20 7.85 136 485 256 561 885 S10.00 3 9,52 8.15 482 267 569 881 1 286 576 19.86 8.82 8 876 #4 PREMIUM: 25 10,63 9.19 294 587 866 Payable during Insured's 11,05 9.58 301 592 860 10.01 467 lifetime and are banded 2 11,51 308 596 853 12.59 10.96 0 8 by amount 468 319 600 839 30 13.05 11.45 456 323 607 832 PREMIUM FACTORS: 13.63 11,99 79 216 451 610 823 320 Semi-Annual 14.39 1256 83 225 446 8 8os 3 333 Annual x.52 15.58 13.81 92 243 435 335 795 16,30 14,49 96 252 430 337 619 784 Quarterly 17.07 15.21 100 261 339 620 15.97 104 270 423 17.89 622 # Annual x .27 3 18.75 16.78 109 279 410 342 623 19. 65 17.,62 113 288 402 343 624 734 Monthly (PAC or SS) 20.62 18.52 118 298 394 345 626 719 Annual X .08333 21.62 19.46 308 386 346 627 704 22,69 20.46 317 348 629 688 3 8 6 350 630 Monthly 24.99 2260 337 632 Annual x.10 26.24 23.78 143 347 347 352 27.56 25.01 148 356 336 353 Round all fractions 1 28.96 26.32 {59 366 824 353 636 to nearest cent 3201 29.17 164 385 298 355 59 33.68 30.73 170 394 283 356 ACCIDENTAL DEATH 35.45 32.38 175 404 268 356 539 37.32 34.13 180 540 Annua? FEte per $1,000 1 3 2 3 39,30 3598 196 642 43.60 40.00 196 440 196 358 642 for all ages S1.25 45.94 4219 201 448 176 358 642 56 48.43 44.51 206 455 641 NON-MEDICAL LIMITS: 46.97 213 % 368 59 51.06 643 Ages Amounts 53.86 49.59 220 3 364 60 56,86 52.39 227 86 367 0-30 S100,000 60.05 55.37 234 371 845 31-40 $ 50,000 62 63.43 58.53 242 3 645 63 67.00 61.87 248 : 379 41-50 $ 30,000 646 64 70.79 65.41 255 51-60 $ 10,000 65 74.78 69.14 261 381 645 66 79.01 73.09 267 516 383 644 83.50 77.29 272 520 383 643 68 88.29 81.77 276 524 383 842 93.42 86.56 280 529 383 541 69 98.91 91.69 284 534 382 641

Rb? , Rb8c RWg Rwg6, Rax, RaBG, #Rkc HRWG KRa6 Citizens Fidelity Nearest Pd: Up Age WL Al 65 20-Pay Insurance Company 6.20 812.36 6.34 S12.05 3 1 6.68 H 51225 QUEST 6.82 7.93 $12.73 00 8.15 S12.99 Basic Annual Rates 6 728 8.40 S13.27 Per $1,000.00 8.66 513.57 9 1 7,88 1 8.24 513.83 10 8.10 9.57 S14.53 Minimum Policy: 11 8.36 $ 9.90 814.88 S1,000.00 8.63 S10.23 815.23 1 1 9.22 510.58 515.62 9.50 811.32 816.36 Acc. Death '0? S14.70 S16.65 S1.25 per $1,000.00 S10. S12.09 S17.01 8 $10.36 S12.48 S17.35 S1 0.67 512.89 817.70 Add Policy Fee of 1.00 513.33 S18.06 S10.00 tor $1,000.00 813.79 S18.42 S15.00 for $2,000.00 3 3 # 31428 51828 S20.00 lor $3,000.00 24 2.56 S15.31 819.61 25 3.00 S15.84 S20.00 and thereafter 513.46 516.99 S20.44 813.95 6.99 520.90 Semi-Annual 52% 5 514.46 S17.59 S21.38 S14.98 S18.21 621.89 Quarterly 27% 30 S15.50 S18.84 822.42 Monthly 10% S16. 182 519.48 322.97 Bnk: Dtt & S.S: 8.333% 0 S16. 820.13 823.54 81 7.08 820.82 524_ 7.64 821.55 524_ 35 S18.25 822.32 825.43 8.92 823.13 S26.12 %2 8 9.63 823.99 S26.82 38 824.92 S27.56 821.13 525.95 828.34 40 521.87 827.06 829.13 41 822.57 828.26 S29.97 43 8 24 S29.61 830.83 S23.89 53282 532 45 S25.56 S33.64 833.64 46 826.57 836.18 534.65 47 827.68 538.06 S35.69 48 828.87 840.05 536. 49 830.07 842.19 837.90 50 531.27 544.48 839.08 51 532.40 846.91 S40.30 833.48 S49.28 S41.58 53 834.61 S52.18 842.9 54 S35.86 S55.06 844.31 55 837.31 S58.12 845.77 56 S38 95 S47_ S40_ S48_ 29 S50.56 58 E S52 60 847 . S54. 32 61 852 69 S56.75 62 45 859.23 Nearest 63 556 44 861.88 Age WL. 64 69 864.72 65 S62.26 S67.77 $ 90.09 $ 96.12 66 S66_ 73 S102.64 67 $ 70.22 74 S109.68 68 74.63 69 579.38 75 S117.28 70 S84.52
WP: Male Female
S0.25 S0.26 80.27 50.27 50.28 S0.29 S0.30 50.32 50.33 S0.34 80.35 S0.37 S0.38 S0.40 S0.42 S0.44 S0.46 S0.49 S0.52 50.55 S0.58 S0.62 S0.66 S0.71 S0.76 S0.82 S0.88 5q.86 S1.13 S1.23 S1.35 S1.49 S1.64 8182
S0.38 S0.39 S0.40 S0.41 S0.42 S0.43 S0.44 80.46 S0.49 S0.50 S0.52 S0.54 S0.56 S0.58 S0.61 S0.63 So So_ %8 So S0.78 S0.83 80.88 S0.93 00 S1.06 @ @ 29 82.54
CFI I05

Citizens Fidelity NEAREST AGE QUEST Il & Ill WL. NEAREST AGE QUEST II & Ill WL Insurance Company S12.03 38 $ 33.74 S11.79 39 $ 35.10 S12.02 40 $ 36.55 QUEST II & III S12.29 41 38.06 Basic Annual Rates S12.57 42 $ 39.67 Per S1,000.00 5 S12.89 43 $ 41.37 Minimum Policy S1,000.00 S13.21 44 $ 43.19 Add Policy Fee of 513.56 45 $ 45.07 S10.00 for $1,000 S13.91 46 $ 47.06 S15.00 tor $2,000 S14.30 47 $ 49.14 S20.00 tor S3,000 10 S14.69 48 $ 51.34 and thereatter 11 S15.12 49 $ 53.66 MODES 12 S15.55 50 $ 56.10 Semi-Annual 52% 13 S16.01 51 $ 58.65 14 S16.48 52 61.36 Quarterly 15 S16.96 53 $ 64.23 27% Monthly 16 S17.34 54 67.28 10% 17 517.73 55 70.74 18 S18.14 56 $ 74.36 Bank Dratt 8.333% 19 S18.58 57 $ 78.23 20 S19.03 58 $ 82.34
21 22 23 24 25
S19.49 S20.00 S20.53 S21.09 521.67
59
$ 86.71 $ 91.36 $ 96.33 S101.59 S107.21
Accab Caa be ApB Rate  Cnly '  Ratm' in Nol 0t Avabon Beccuse Oay, Po4Feo for = t5 Qr Neatt
60
61
62
63
26 27 28 29 30
S22.28 S22.95 823.68 S24.42 S25.24
64 65 66
S113.18 S119.52 8126.37 S133.88 S142.09
67
68
31 32 33 34 35
S26.11 S27.01 S27.99 829.02 S30.11
69 70 71 72 73
S151.09 S160.93 S171.70 S183.43 S196.23
Plan Code QIc Ln8
36 37
831.27 S32.46
74 75
S210.12 S225.21
CFI 1/95

5 YEAR RENEWABLE AND CONVERTIBLE Ksgf TERM TO AGE 65 Annual Rale per $1,000 Female Add S10,000- 525.00 SSd,OCO- sioo.OC0- 5250,000- SSO0,ODO- lor Issud 524.999 549,999 s99.999 5249.999 5499.999 end Over WPa Ace 15-25 $42 2.55 2.02 {1.74 $1.60 1.52 4.24 2.58 2.06 1.78 1.64 1.56 4.25 2.62 2.09 1.8 1 1.67 1.59 1 % 4.26 2.64 2.12 1.84 1.71 63 4.27 2.67 2.15 1.88 1.74 1.66 4.28 2.68 2.18 1.90 1.77 4.29 2.70 2.20 1.93 1.80 3 L.88 1 1 4 33 273 2.23 2.97 1.80 4.32 2.78 2.31 2.05 1.93 1.84 4.33 2.83 2.36 2.11 1.99 1.90 4.35 2.88 2.43 2.18 2.06 1.97 4.37 2.95 2.50 2.02 1 1 2.36 2.23 4.441 3.03 2.59 4.47 3.12 2.68 2.44 2.32 2.22 4.55 3.22 2.78 2.55 2.44 2.32 4.66 3.34 2.91 2.68 2.57 2.45 4.80 3.49 3.06 2.83 258 1 1 2.33 4.96 3.66 3.24 3,01 5.17 3.87 3.44 3.22 3.12 2.98 411 3.69 3.47 3.38 3.23 5.41 4.41 3.99 3.77 3.68 3.52 5.71 3 1 6.05 4.76 4.34 4.12 4.03 3.85 6.47 5.17 4.75 4.53 4.43 5.20 5.98 4.89 4.69 1.12 6.92 5.62 5.69 5.47 5.38 5.17 128 7.41 6.11 6.23 6.01 5.92 5.69 1.,45 7.95 6.65 7.22 6.80 6.58 6.49 6.25 1 8.52 1.67 9.14 7.84 7.42 7.20 7.11 6.85 8.09 7.87 7.78 751 216 9.18 8.51 8.81 8.59 8.50 8.22 2.70 55 10.53 9.23 9.60 9.38 9.29 8.98 289* 11,.32 10.02 10 47 10.25 10.16 9.82 2.85" 12.19 10.89 : 11.43 11.21 11.12 10.74 2.67" 13.15 11.85 12 49 12.27 12.18 11.76 233" 14.21 12.91 13 66 13 44 13.35 12.90 1.80' 60 15.38 14,08 14.30" 14.08" 13 99" 13.51" 1.80" 61 16.02 14.72" 1:96 - 14747 1465" 14.15" 1.80 62 16 68 15.38 15 67 15 45" 15 36" 14 84 1.80" 63 17.39 16 09- 16 42" 16 20" 16 11" 15 573 1.80" 64 18 14" 16 84* For Renewal only.
528/6 ar"lo Tu" |v 1223 'lc
Potic1 Fec 0 hnder #Js00. Is _ O
bo Ver #3s000:' 435.0

Ysgm
5 YEAR RENEWABLE AND CONVERTIBLE TERM TO AGE 65 Annual Rale per $1,000 Male Add S25.0 SSO,0oO s1Co.0oO- s250,000- sSCO 0O Ior Issue si0.0- 549.999 599.999 5249,999 5499.999 and Over WP, Age 524.999 2.07 $ 1,82 1.70 63 416 15-25 $ 4.24 2.58 1.85 1.74 1.67 .416 26 4.26 2.61 2.10 1.89 1.77 1.70 416 27 4.27 2 65 2.13 28 4.29 2.67 2.17 1.92 1.8 1 177 ;6 29 4.30 2.70 2.20 1.96 1.84 2.72 2.23 1.99 1.88 1.81 30 4.31 2.26 2.02 1.91 1.84 3 31 2.74 2.77 2.30 2.07 1.96 1.89 4 33 2.36 2.13 2.02 1.95 2.82 20 4.40 2.89 2.44 2.21 211 2.03 34 4.46 2.98 2.54 2.32 2.22 2.14 35 22 2.67 2.45 2.35 2.26 4,53 3.10 36 2.81 2.59 2.50 2.41 24 4.64 3.24 4.77 3.40 2.98 2.76 2.67 2.57 25 38 3.16 2.95 2.86 2.76 27 39 4.92 3.59 3.37 3.17 3.08 2.97 30 5.11 3.79 3.61 3.41 3.32 3.22 33 5.34 4.03 3.89 3.69 3.61 3.49 1 5.61 4.30 36 5.92 4.62 4.21 4.02 3.94 3.81 4.39 4.31 4.18 46 6.29 4.99 4.59 5.01 4.82 4.74 4.60 6.72 5.41 5.50 5.31 5.23 5.08 3 5.90 7,320 6.04 5.85 5.78 5.61 1 6.44 6.64 6.45 6.38 6.20 48 8.34 7.04 7.30 7.11 7.04 6.85 49 9.00 7.70 7.83 7.76 7.55 1.13 50 9.72 8.42 8.02 8.60 8.53 8.30 1.29 51 10.49 9.19 8.79 9.43 9.36 9.12 1.48 52 11.32 10.02 9.62 10.33 10.26 10.01 1.71 53 12.22 10.92 10.52 11.29 11.22 10.96 2.00 54 13.18 11.88 11.48 12.34 12.27 11.99 2.50 55 14.23 12.93 12.53 13.49 13.42 13.11 2.72" 15.38 14.08 13.68 57 14.74 14.67 14.34 2.72" 16.63 15.33 14.93 16.13 16.06 15.69 2.57" 58 18.02 16.72 16.32 17.85 17.66 17.59 17.19 2.29  59 19.55 18.25 19.37 19.30 18.85 1.B0" 60 21.26 19.95 19.56 20.21   19.,74" 1.80" 61 22.17 20.87= 20.47* 20.28 21.18* 20.69" 1.80" 62 23.14 21.84 21.44 21.25" 22.20 21.69* 1.80" 24,16" 22.86 22.46* 22.27 23 35" 23 28 22 75" 1.80* 25 24* 23 94 23 547 For Renewal only.
5a%l 37 % 10 %/_ 8.333 %
Policy Fez wndlev 0 4 as0b 415.o0
0 Ver Q 435000. 25.@

10 YEAR RENEWABLE AND CONVERTIBLE TERM TO AGE 65 Annual Rale per S1,000 Male Add SSO.0IO- si00.000- S250.000- SSC0,000  lor Issua siO.CO 525.000- 549.999 599.999 5249 999 5499.939 and Ovor WP. Aga 524.999 89 $ 1.78 1.1 17 152 127 $ 2 64 214 2.67 2.17 1.93 1.81 1.74 26 4.29 17 2.21 1.97 86 1,.78 21 4.3 2.70 2 01 1.91 1.83 .18 28 2.74 2.25 4 2.07 1.96 1.89 .18 29 2.78 2.30 2.36 2.13 2.03 1.95 4.,37 2.83 2.90 2.44 2.21 2.10 2.03 1 1 3 2.98 263 2.3 237 2.22 3.0B 3.19 2.76 2.54 2.44 2.35 4.63 2.91 2.69 2.60 2.50 35 4.74 3.34 3.51 3.08 2.87 2.78 2.68 4.89 3.29 3 08 1 5.06 3.71 3.33 3.82 : 5.27 3.94 3.52 3 31 3.79 3.59 3.50 3.39 5.52 4.20 4.50 4.09 3.89 3 81 3.69 40 5.82 45 4.85 4 44 4.25 4.16 4 04 41 6.16 4.84 4 64 4.55 4.43 49 6.55 5.24 43 5.28 5 09 5,01 4.86 53 6.99 5.68 5.59 5.51 5.35 58 44 7.48 6.18 5.78 6 14 6.07 5.90 .64 45 8.03 6.73 6.33 6.75 6.68 6.50 1 8.64 7.34 6.94 7.42 7.35 7.16 .80 G 9.31 8.0 1 7.61 8 15 8.08 7.87 91 10.04 8.74 8.34 9.95 8 88 8.66 1.05 49 10.84 9.54 9.14 9.81 9.74 9.50 1.19 50 11.70 10.40 10.00 10.74 10.68 10.42 14 51 12.63 11.33 10.93 11.76 11 69 11.42 1.52 52 13.65 12.35 11.95 12.87 12.80 12.50 1.74 14,.76 13,46 13 06 54 14 09 14.02 13.70 2.02 15.98 14.68 14.28 15 43 15.35 15.01 2.31 55 17.32 16.02 15,62 16.33 16.14" 16 07= 15.71 2.39" 56 18.03 16.73* 17.08 16.89* 16.82* 16.44 2.43 57 18.78 * 17.48* 17.67- 17.60" 17.20" 2.40" 58 19.55" 18.26* 17.86* 18 69- 18 50" 18.43 18.00 2.21- 59 20.39 19 09" 19 56" 19 37" 19.30"' 18 85 1.80* 60 21,26" 19 96 20 28 ~ 20 .21= 19 74 180- 61 22.17 " 20 87 = 20 47 " 21 25 21 . 18 * 20 69 1.80" 62 21.14  21.84 " 21.44" 22.27 22 20* 21.69" .80 63 24.16" 22 86* 22 46* 23 35 23 28 " 22 75" 80" 64 25 24= 23 94- 23 54= 'for Aenewal only
Xis [ m
52 % 37 % lo %o { 33 &%
Polic1 Fex uhdir # 35000 " I5 % Over aSux W #359

XISF 10 YEAR RENEWABLE AND CONVERTIBLE TERM TO AGE 65 Annual Rale per $1,000 Female Add 525,000- S50.0oo- S100,0o0- 5250.00 SSCO,OOO lor Issue s10,00- 524,999 549,999 599.999 5249 999 5499 999 and Ovor WP Aqe 2.61 s2.09 1.81 1.68 1.60 15-25 $ 4.25 4.26 2 64 2.12 1.85 1.71 1.63 26 2.66 2.15 1.88 1.75 1.67 1 27 4.27 4.28 2.69 2.18 1.92 1.79 1.70 28 2.72 2.22 1.95 1.83 1.74 29 4.29 2.75 2.26 2.00 .87 1.78 %l 30 4.30 53 4.31 2.78 2.30 2.04 1.92 1.83 2.82 2.35 2.09 1.97 1,88 1 4.33 37 % 2 4.35 2.87 2.40 2.15 2.0] 1.94 4.38 2.93 2.47 2.22 2.10 2.01 Io % l 4.43 3.00 2.55 2.30 2.19 2.09 36 4.48 3.09 2.64 2.40 2.29 2.18 8.333 % 3.19 2.75 2.51 2.40 2.29 1 37 4.56 4,65 3.31 2.87 2.64 2.53 2.41 38 3.45 3.01 2.78 2.67 2.55 39 4.77 3.61 3.18 2.95 2.85 2.72 4.93 56 3.81 3.38 3.16 3.06 2.92 5.12 Poli64 1 5.35 4.05 3.62 Fee 3,68 3.38 3,42 3.90 ; 5.62 4.32 4.64 421 3.99 3.90 3.73 #/5.O 5.94 lender :5o0* 4.57 4.35 4.26 4.08 80 3500Q J 3500 45 6.29 4.99 0 Ver 4.98 4.76 4.66 4.47 6.70 5.40 96 7.14 5.84 5 42 5.20 5.11 3 5.39 5.70 5.61 1.07 7.64 6.34 5.92 6.25 6.16 5.93 1.21 49 8.19 6.89 6 47 6.64 6.75 6.51 1.36 8.78 7.48 7.05 7.49 7.40 7.13 1.52 9.43 8.13 7.71 11 7,.82 1.70 1 10.13 8.83 8.41 8.98 8.87 8.56 1.92 10.90 9.60 9.18 9.80 9.71 9.38 220 11.74 10.44 10.02 10.73 10.64 10.27 2.50 55 12.67 11.37 10.95 11.22 11,.13" 10.75* 254 13.16 11.86 11.44 56 11.73 11.64* 11.25' 253" 13.67 - 12.37 = 11.95" 12.50 12.28 12.19" 11.77" 58 14.22* 12.92 225' 13.077 12.85 12.76" 12.32 59 14.79- 13.49 13 66* 13 44 13.35" 12.90 60 15.38 14 08 " 1.80 14.30 14 08 " 13.99" 13.51" 61 16.02- 1472 14.74* 14 65" 14.15" 1,.80" 62 16.68* 15 38* 14 96 15 45" 15 36" 14,847 1.80" 63 17,39 16 09 15 67 " 16 20' 16 11" 15 57* 1.80- 64 18 14 16 84 16 42' For Renewal only:

10-YEAR TERM RIDER RATES Femala - XriF MINIMUM AMOUNT S10,000 EFFECTIVE DATE 4-21-89 Malz Xrim 10-YEAR RENEWABLE AND CONVERTIBLE TERM To AGE 65 Annual Rate per S1,000 Issue S10,000 - S25,000 - S50,000- S100,000 - S250,000 - Age_ 524,999 549,999 S99,999 S249,999 S499.999 15-25 S 4.25  2.61 $ 2.09 $ 1.81 S 1.68 26 4.26 2.64 2.12 1.85 1.71 27 4.27 2.66 2.15 1.88 1.75 28 4.28 2.69 2.18 1.92 1.79 29 4.29 2.72 2.22 1.95 1.83
S5o0,000 - and Over $ 1.60 1.63 1.67 1.70 1.74
4.30 4.31 4.33 4.35 4,38
2.75 2.78 2.82 2.87 2.93
2.26 2.30 2.35 2.40 2.47
2.00 2.04 2.09 2.15 2.22
1.87 1.92 1.97 2.03 2.10
1.78 1.83 1,88 1.94 2.01
30 2 35 36 37 38 39
4.43 4.48 4.56 4.65 4,77
3,00 3,09 3.19 3.31 3.45
2.55 2.64 2.75 2.87 3.01
2.30 2.40 2.51 2.64 2.78
2.19 2.29 2.40 2.53 2.67
2.09 2.18 2.29 2.41 2.55
4,93 5.12 5.35 5.62 5.94
3.61 3.81 4.05 4,32 4.64
3.18 3.38 3.62 3.90 4.21
2.95 3.16 3.40 3.68 3.99
2.85 3.06 3.30 3.58 3.90
2.72 2.92 3.15 3.42 3.73
1 45 48 49 50 51 52 53 54
6.29 6.70 7.14 7.64 8.19
4.99 5.40 5.84 6.34 6.89
4.57 4.98 5.42 5.92 6.47
4.35 4.76 5.20 5.70 6.25
4.26 4.86 5.11 5.61 6.16
4.08 4.47 4.91 5.39 5.93
8.78 9.43 10.13 10.90 11.74
7.48 8.13 8.83 9.60 10.44
7.06 7.71 8.41 9.18 10.02
6.84 7.49 8.19 8.96 9.80
6.75 7.40 8.11 8.87 9.71
6.51 7.13 7.82 8,56 9.38
55 56 57 58 59
12.67 13.16* 13.67 14.22 14.79"
11.37 11.86 12.377 12.92 13.49*
10.95 11.44* 11.95* 12.50+ 13.07*
10.73 11.22* 11.73- 12.287 12.85*
10.64 11.13" 11.64 12.19* 12.76*
10.27 10.75* 11.25" 11,77 12.32*
60
15,38" 16.02 16.68 17,.39* 18.14"
14.08* 14.72" 15.38* 16.09* 16.84*
13.66+ 14.30* 14.96* 15.67* 16.42*
13.44 14.08 14.74"* 15.45" 16.20"
13.35" 13.99* 14.65* 15.36* 16.11
12.90* 13.51* 14.15* 14.84 15.57
62 63 64
'For Renewal Only

Female Xrsf male XRsm
5-YEAR TERM RIDER RATES MINIMUM AMOUNT S10,000 EFFECTIVE DATE 4-21-89
5-YEAR RENEWABLE AND CONVERTIBLE TERM TO AGE 65 Annual Rate per S1,000 S10,000 - S25,000 - S50,000 - S100,O00 - 5250,000- 524,999 S49,999 S99.999 S249,999 5499,999 S 4.23 S 2.55 $ 2.02 $ 1.74 S 1.60 4.24 2.58 2.06 1.78 1.64 4.25 2.62 2.09 1.81 1.67 4.26 2.64 2.12 1.84 1.71 4.27 2.67 2.15 1.88 1.74
Issue Age 15-25 26 27 28 29
S500,000 - and Over $ 1,52 1.56 1,59 1,63 1,66
30 31 32 33 34
4,.28 4.29 4,30 4,31 4.32
2.68 2.70 2.72 2.75 2.78
2.18 2.20 2.23 2.26 2.31
1.90 1.93 1,97 2.01 2.05
1.77 1,80 1.84 1.88 1.93
.69 1,72 .76 .80 1,84
35 36 37 38 39
4,33 4.35 4.37 4,41 4.47
2.83 2.88 2.95 3.03 3.12
2.36 2.43 2.50 2.59 2.68
2.11 2.18 2.26 2.34 2.44
1.99 2.06 2.14 2.23 2.32
1.90 1.97 2.04 2.12 2.22
40 41 2
4.55 4.66 4.80 4.96 5.17
3.22 3.34 3.49 3.66 3.87
2.78 2.91 3.06 3.24 3.44
2.55 2.68 2.83 3.01 3.22
2.44 2.57 2.73 2.91 3.12
2.32 2.45 2.60 2.78 2.98
45 48 49
5.41 5.7- 6.06 6.47 6.92
4.11 4.41 4.76 5.17 5.62
3.69 3.99 4.34 4.75 5.20
3.47 3.77 4.12 4.53 5.98
3.38 3.68 4.03 4.43 4.89
3.23 3.52 3.86 4.25 4.69
50 51 52 53 54
7.41 7.95 8.52 9.14 9.18
6.11 6.65 7.22 7.84 8.51
5.69 6.23 6.80 7,.42 8.09
5.47 6.01 6.58 7.20 7.87
5.38 5.92 6.49 7.11 7.78
5.17 5,69 6.25 6.85 7.51
55 56 57 58 59
10.53 11.32 12.19 13.15 14.21
9.23 10.02 10.89 11.85 12.91
8.81 9.60 10.47 11.43 12.49
8,59 9.38 10.25 11.21 12.27
8,50 9.29 10.16 11.12 12.18
8.22 8.98 9.82 10.74 11.76
15.38 16.02* 16.68* 17.39* 18.14*
14.08 14.72* 15.38* 16.09* 16.84'
13.66 14.30* 14.96* 15.67 16,42*
13.44 14.08* 14.74 15.45* 16,20*
13.35 13.99* 14,65* 15.36* 16.11=
12.90 13.51* 14.15* 14.84 15.57*
"For Renewal Only