Rwc
ORDINARY LIFE Basic Anunl Rates Per SI,000 MininL Palicy 52,000
MALE GTe Life
FEMALC LiTe Life
CASH VALUES
PAID
INSURANCE
10th 20th @65
1Och 20ch 265
623 341 904 6.34 624 132 36 8 905 6 . 46 622 138 375 902 6 . 61 101 620 145 381 6 . 76 899 1O5 619 150 386 898 6.93 109 6 17 156 391 T.To 895 615 [6 ] 395 7 . 29 89 2 29 38 166 613 403 889 7.48 170 406 69 886 609 175 J 90 412 883 90 3 608 179 8 . 13 8 . 13 482 420 876 8 . 36 182 428 872 1 8.61 8.68 52 L 185 438 869 9412 942 9.50 194 360 9 9.53 9.93 ] 196 454 856 '75 10 . 16 6 458 852 10 9.99 10 , 1 464 10,58 10.23 10, 3 10,92 83Z 10 _ 10 ,48 220 476 55 833 10 , 75 11 ,3 31 206 E 827 11 . 11.04 1 229 821 12 11 . 83 3 563 | 235 494 815 12 12 0 12.15 240 500 B4 12 .50 2 37 554 245 505 804 13 . 12 245 549 250 510 3 796 13.64 14 _ 12 6 98 253 515 789 14 13 103 262 14 15 13. 107 270 5 @2 15 , 16 15 . 14.04 14,67 112 279 15 .71 14,52 116 287 757 16 . 31 15 . 05 15, 75 121 296 279 539 747 34 16.93 17.45 15,60 16 . 34 125 305 544 738 17,59 18414 16,9 16 . 130 % 548 37 19.02 19.63 17.45 14o ] 705 18.33 19 , 78 20 , 18 . 14 19 . 07 145 8 3 20.59 21.30 18 . 87 150 680 21.45 22.21 19.65 20.72 155 302 569 6u7 1 22.34 23 ,16 20 .46 21.61 160 653 23.29 24 . 21.33 22 166 638 24,28 25 EL 22,24 171 622 25 23 . 1 176 396 607 46 2 . 29 25 405 L 28 .= 0 26 193 424 55] 27 1 H 199 433 365 530 33 28 205 442 350 331 508 32, 30 _ 32 210 450 334 485 216 458 317 336 52 460 32 8 222 466 300 339 435 281 342 40 8 234 482 261 345 379 38 . 03 42 240 490 240 348 348 43.08 39 .98 499 29 353 624 518 42,06 254 508 196 357 628 285 44.27 260 516 172 360 250 50 . 02 266 524 146 363 634 212 52.62 49 . 12 532 119 366 55.39 51.79 90 508 641 13 58.32 54, 62 283 371 644 61.44 57.64 288 373 646 64 . 75 293 560 375 648 68 . 26 299 566 378 650
Add Policy fee of 540.00
Accidental Death Henefit 51,25 per = @0O of Initial Face Amount These   premiuis are calculaled the   muiltiplying of the annual   premium by the following  percentages:
Semi-Annual 5250
Quarterly 2776
Monthly I0R
Special Monthly