10 YEAR RENEWABLE AND CONVERTIBLE TeRM To AGE 65 Annual Rate per $1,000 Male Add Isgue 910.00o_ 525,C00 850 00o Si0o O00- {250,000- S500 Ooo AF 524999 549 999 599,990 5249, 999 5499.999 and Ovar 15-25 2 64 74 "
10 YEAR RENEWABLE AND CONVERTIBLE TERM To AGE 65 Annual Rate per S1,000 Female Add Issue 810e Ooo- 525,0CC S50,000= S100, 000- 8250,000- S500 O0o- lor 41t 524.999 549 999 599,990 5249,999 5499.999 and Over WP 15-25 2.6  2. 12 1 272 2,.22
2 75 278 287 2 93
1,87 88 197 33 35 46 95 98 1 93 3.00 2 55 4 48 2 64 38 38 285 254 2 1 65 4 267 42 61 '33 3,38 AV 5 94 90 78 99 36 4,26 1 4.66 5 84 8 78 3 6 78 8,43 7 13 10 13 1 53 10 90 11 74 10 44 10 02 9.80 9 71 2 20 12 67 10 95 10 73 10 64 10.27 2 50 13 16 11 06 11 13" 10,75 2 541 13.67  12 37 11.95 11.73 25* 2 53 14 22' 12 92- 12 50 12 28 12.19 11,77" 14.79" 13 49 13 07 12 85 12 76 12,32 2 24
33
54
63
3
3 1 08 2 489 2 91 6 : 38 1 h 26 52 4 50 93 3 8 "8 64 46 10 04 10 Ba 11 70 12 63 I0, 42 14 76 13 06 12 87 12 50 15 98 I3 70 2,02 17 32 16 02 15 62 15 01 18 03 16 33 15 71" I8 78* 16 89- 16 82 16 44 2.43 19 56 18 26* 17 86 17 20" 20 39 19 09" 18 69 18 50 18 43 18 00' 2.21 21 26" 19 96 19 56" 19 37 19 30' 18 85 22 17* 20 87 20 47* 20 28 20 21 23 14 21 84 21 44" 21.25 21 18* 20 69 24 16* 22 86 22 46' 22 27 - 22 20' 21 69 25 24 23 94 23 54 23 35 23 28' 22 75 For Aenewal only POLICY FEE $15.00 on Basc Pollcy undor 525 O0o 525.00 on Base Pollcy 525,000 over
15 38" 16 02- 16.68 17 39" 18 14"
14.08* 14,72" 15.38 16 095 16,84
13 66
13 44 08"
13 35 13,99 14 65 15 36 16 11
12 90" 13 51 14.15" 14,84 15.57"
80" 80* 80" 80"
14.96' 15 67' 15 457 16 42 For Aenewal only
POLICY FEE: $15.00 on Bage Pollcy under $25,00O 525,00 on Base Pollcy_ 525,000 over