PLP   0  1 1000.00    0.00   0 0  0   0.000000  0.000000  0.000000    0.00    0.00   00 N
PLP   0  2 1100.00    0.00   0 0  0   0.000000  0.000000  0.000000    0.00    0.00   00 N
PLP   0  3 1200.00    0.00   0 0  0   0.000000  0.000000  0.000000    0.00    0.00   00 N
PLP   0  4 1300.00    4.12  57 1316   0.000000  0.000000  0.000000    0.00    0.00   00 N
PLP   0  5 1400.00   12.93 172 6207   0.000000  0.000000  0.000000    0.00    0.00   00 N
PLP   0  6 1500.00   22.13 28510267   0.000000  0.000000  0.000000    0.00    0.00   00 N
PLP   0  7 1600.00   31.72 39413272   0.000000  0.000000  0.000000    0.00    0.00   00 N
PLP   0  8 1700.00   41.76 50116274   0.000000  0.000000  0.000000    0.00    0.00   00 N
PLP   0  9 1800.00   52.26 60520 78   0.000000  0.000000  0.000000    0.00    0.00   00 N
PLP   0 10 1900.00   63.20 70523330   0.000000  0.000000  0.000000    0.00    0.00   00 N
