P7M N
HemN CITIZENS FIDELITY INSURANCE COMPANY PermaLife 7 Guaranteed Premium Whole Life MINIMUM POLICY $10,000 AGE NEAREST BIRTHDAY ISSUE AGES 0-70 MALE NONSMOKER S10,000- 8100,000 Cash Values Paid-Up Insurance 599,999 YR 10 YR 20 AGE 65 Ya 10 Ya 20 AGE 65 Age 6.17 5.39 84 433 197 514 898 19 5.58 24 6.37 90 431 208 523 894 20 6.60 5.79 26 96 429 220 532 891 82 6.00 541 887 3 242 6.23 550 883 23 ,32 6.47 0 0 262 563 878 24 60 6.73 429 25 90 271 57 _ 869 8.21 30 279 578 863 26 8.55 7,83 8 3 296 583 857 28 1 9.28 8.30 299 593 844 30 9.89 8.68 164 403 304 598 837 31 10.10 9.07 400 309 603 829 10.55 9.49 396 314 607 821 33 9.94 1 8 11.04 392 318 813 11.53 10.40 387 323 803 36 10.90 208 382 326 793 12.06 36 12.63 11.43 330 623 783 13.22 11.98 3 372 334 626 772 13.85 12.57 3 366 337 630 760 3 14.51 13.19 247 360 341 633 748 15.21 13.84 258 354 344 734 15.95 14.53 269 347 348 640 720 15.27 {08 16.74 280 340 351 705 3 17.56 16.04 292 332 355 64 689 18.44 16.86 # 303 324 358 672 19.38 17.74 315 315 361 20.37 18.66 127 327 306 365 46 21_ 19.64 339 296 368 22 54 20.69 2 351 285 371 38 23.73 21.80 364 274 373 666 25.00 22.99 153 376 262 376 26.35 24.25 159 389 249 379 52 27.79 25.60 401 235 381 53 29.32 27.03 # 414 228 384 54 30.95 28.55 426 386 880 55 32.69 30.18 188 438 188 389 682 56 34.54 31.91 195 449 169 39 36.52 33.76 202 393 58 38.64 35.74 2 # 209 395 59 40.91 37.86 689 60 43.33 40.12 224 492 82 399 690 45.93 42.55 232 503 400 48.72 45.16 239 3 63 51.70 E 3 50.92 258 64 54.88 65 58.29 54.10 267 544 416 61.94 57.51 275 553 419 701 65.86 61.18 284 561 8 423 702 68 70.08 65.12 291 569 703 74.64 69.38 299 576 427 704 70 79.55 73.97 307 584 429 705
General Information PLAN DESCRIPTION: PermaLife is a permanent Life Insurance plan with low Guaranteed Premiums and Guaranteed Cash Values
ISSUE AGES:
0-70 Age Nearest Birthday
MINIMUM POLICY: S10,000
PolICY FEE: S20.00
MINIMUM MODE PREMIUM: S10.00
PREMIUM:
Payable during Insured's lifetime and are banded by amount
PREMIUM FACTORS: Semi-Annual Annual x .52
Quarterly Annual X 27
Monthly (PAC or SS) Annual X.08333
Monthly Annual x.10
Round all fractions to nearest cent:
ACCIDENTAL DEATH PREMIUM: Annual rate per $1,000 for all ages S1.25
NON-MEDICAL LIMITS: Ages Amounts 0-30 S100,000 31-40 $ 50,000 41-50 $ 30,000 51-60 $ 10,000