Female Xrsf male XRsm
5-YEAR TERM RIDER RATES MINIMUM AMOUNT S10,000 EFFECTIVE DATE 4-21-89
5-YEAR RENEWABLE AND CONVERTIBLE TERM TO AGE 65 Annual Rate per S1,000 S10,000 - S25,000 - S50,000 - S100,O00 - 5250,000- 524,999 S49,999 S99.999 S249,999 5499,999 S 4.23 S 2.55 $ 2.02 $ 1.74 S 1.60 4.24 2.58 2.06 1.78 1.64 4.25 2.62 2.09 1.81 1.67 4.26 2.64 2.12 1.84 1.71 4.27 2.67 2.15 1.88 1.74
Issue Age 15-25 26 27 28 29
S500,000 - and Over $ 1,52 1.56 1,59 1,63 1,66
30 31 32 33 34
4,.28 4.29 4,30 4,31 4.32
2.68 2.70 2.72 2.75 2.78
2.18 2.20 2.23 2.26 2.31
1.90 1.93 1,97 2.01 2.05
1.77 1,80 1.84 1.88 1.93
.69 1,72 .76 .80 1,84
35 36 37 38 39
4,33 4.35 4.37 4,41 4.47
2.83 2.88 2.95 3.03 3.12
2.36 2.43 2.50 2.59 2.68
2.11 2.18 2.26 2.34 2.44
1.99 2.06 2.14 2.23 2.32
1.90 1.97 2.04 2.12 2.22
40 41 2
4.55 4.66 4.80 4.96 5.17
3.22 3.34 3.49 3.66 3.87
2.78 2.91 3.06 3.24 3.44
2.55 2.68 2.83 3.01 3.22
2.44 2.57 2.73 2.91 3.12
2.32 2.45 2.60 2.78 2.98
45 48 49
5.41 5.7- 6.06 6.47 6.92
4.11 4.41 4.76 5.17 5.62
3.69 3.99 4.34 4.75 5.20
3.47 3.77 4.12 4.53 5.98
3.38 3.68 4.03 4.43 4.89
3.23 3.52 3.86 4.25 4.69
50 51 52 53 54
7.41 7.95 8.52 9.14 9.18
6.11 6.65 7.22 7.84 8.51
5.69 6.23 6.80 7,.42 8.09
5.47 6.01 6.58 7.20 7.87
5.38 5.92 6.49 7.11 7.78
5.17 5,69 6.25 6.85 7.51
55 56 57 58 59
10.53 11.32 12.19 13.15 14.21
9.23 10.02 10.89 11.85 12.91
8.81 9.60 10.47 11.43 12.49
8,59 9.38 10.25 11.21 12.27
8,50 9.29 10.16 11.12 12.18
8.22 8.98 9.82 10.74 11.76
15.38 16.02* 16.68* 17.39* 18.14*
14.08 14.72* 15.38* 16.09* 16.84'
13.66 14.30* 14.96* 15.67 16,42*
13.44 14.08* 14.74 15.45* 16,20*
13.35 13.99* 14,65* 15.36* 16.11=
12.90 13.51* 14.15* 14.84 15.57*
"For Renewal Only