5 YEAR RENEWABLE AND CONVERTIBLE TERM To AGE 65 Annual Rate per S1,000 Male Add IssuO S10,000 825,000- S50,000= 8100 Co0= 9250,0C0 S50o,000- Aqe 524 999 549,999 599,999 5249 999 5499.999 and Over W P 15-25 2 58 2,07 4,26 2 01 2 10 174 2 13 2.17 # # 2.20 # 96 % 33 36 36 293 99 2.11 2,03 20 3 254 2,45 226 22 67 20 2,98 58 57 257 39 276 25
5 YEAR RENEWABLE AND CONVERTIBLE Term To AGE 65 Annual Rate per S1,000 Female Add ISsu6 Si0.Ouu 525,000 = {50,0OO S100,O00- S250,0C0 S500,000 Aqe 324,899 549,999 599,999 3249,999 5409,999 and Oveq 15-25 2.55 2.02 4 24 2, 50 2 06 158 2 2 09 53 8 2 12 194 4,27 2 15 1,66 2 18 2,70 0 23 33 97 1 #V 78 2 26 2 31 2 83 2 11 2,43 2 18 1l 6 259 2,36 Eh 8 2 44 2 32 2.78 6 2.91 I/a 26 03 # 1 3 5.71 441 3,99 3 1 96 176 8 Ea 3 6 92 7 41 6 11 5, 69 7,95 6.65 93 @ 7.22 6 80 01 411 9.18 8 51 7 78 985 10 53 2.70 1132 10 02 2 89" 12 19 10 89 10 47 10 25 10 16 9 82 13.15 11.85 11 43 11-21 10 74 12 91 2,67- 14 21 12 49 12 27 12 18 11.76 15 38 1408 13 66 13 44 13.35 12.90 16 02 14 72 14 303 14 08' 13, 99 1351 1 80 16 68" 15 38 14 965 14.74" 14.65 14 15" 17 39" 16 09 15 67 15.45" 15 36 84" 48 14" 46 84 16,42 1620" 611 15.57 For Renewal only PoLICY FEE: 515.00 on Bage Policy under 525,000 525.00 on Base Pollcy 525,000 OvBr.
2,97 3,22 383
3 92
62
29
62
94
36
{ 20
1 34 04 84 7 70 ; 10.49 12 22 10 92 13.18 14 23 6 15,38 14 08 13 68 16 63 15 33 14 93 59 18 02 16 32 19 55 18 25 17 85
05
38
29 171 2 00
10 33 11 29
1001 10 96
12 34 13 49 14 74 16 13 17 66
13 42
1311 14.34 15 69
57* 2 29
17 59
21 26 22 17" 23 14" 24-16 2524
19 96 20 87= 21 84 22 86 " 2394
19 56 19 37 19 30 18 05 20 47* 20 28 20 21 21 44 21 25" 21 18 20 69 22 46 22 27= 22 20= 21 69 2354_ 23.25 23,28* 2275 For Renewal only POLICY FEE: $15.00 on a80 Pollcy under $25 COO {25.00 on Babe Pollcy $25,000 ovei
80"